30
168
0 1 24
1 0 24
1 2 25
2 1 25
2 3 63
3 2 63
3 4 89
4 3 89
5 6 66
6 5 66
6 7 19
7 6 19
7 8 4
8 7 4
8 9 68
9 8 68
0 6 17
6 0 17
5 1 37
1 5 37
6 1 85
1 6 85
1 7 79
7 1 79
6 2 47
2 6 47
7 2 1
2 7 1
2 8 2
8 2 2
7 3 69
3 7 69
8 3 45
3 8 45
3 9 14
9 3 14
8 4 21
4 8 21
9 4 22
4 9 22
10 11 61
11 10 61
11 12 47
12 11 47
12 13 73
13 12 73
13 14 95
14 13 95
5 11 86
11 5 86
10 6 74
6 10 74
11 6 69
6 11 69
6 12 97
12 6 97
11 7 8
7 11 8
12 7 67
7 12 67
7 13 52
13 7 52
12 8 5
8 12 5
13 8 63
8 13 63
8 14 32
14 8 32
13 9 53
9 13 53
14 9 42
9 14 42
15 16 27
16 15 27
16 17 73
17 16 73
17 18 12
18 17 12
18 19 90
19 18 90
10 16 38
16 10 38
15 11 25
11 15 25
16 11 32
11 16 32
11 17 88
17 11 88
16 12 70
12 16 70
17 12 91
12 17 91
12 18 15
18 12 15
17 13 76
13 17 76
18 13 13
13 18 13
13 19 72
19 13 72
18 14 43
14 18 43
19 14 14
14 19 14
20 21 95
21 20 95
21 22 65
22 21 65
22 23 31
23 22 31
23 24 24
24 23 24
15 21 83
21 15 83
20 16 9
16 20 9
21 16 71
16 21 71
16 22 74
22 16 74
21 17 23
17 21 23
22 17 70
17 22 70
17 23 85
23 17 85
22 18 3
18 22 3
23 18 98
18 23 98
18 24 5
24 18 5
23 19 98
19 23 98
24 19 30
19 24 30
25 26 99
26 25 99
26 27 85
27 26 85
27 28 20
28 27 20
28 29 24
29 28 24
20 26 76
26 20 76
25 21 16
21 25 16
26 21 26
21 26 26
21 27 73
27 21 73
26 22 57
22 26 57
27 22 64
22 27 64
22 28 61
28 22 61
27 23 67
23 27 67
28 23 47
23 28 47
23 29 41
29 23 41
28 24 70
24 28 70
29 24 47
24 29 47
